{
    "intial_camera_location": [
        -18.72,
        18.66,
        17.36
    ],
    "camera_angle_x": 0.8,
    "frames": [
        {
            "file_path": "./train/r_0",
            "transform_matrix": [
                [
                    0.9940204620361328,
                    0.03206852823495865,
                    -0.10437877476215363,
                    -3.19
                ],
                [
                    -0.10919395089149475,
                    0.2919277846813202,
                    -0.9501867890357971,
                    -26.22
                ],
                [
                    -1.9245344873297654e-08,
                    0.9559026956558228,
                    0.29368388652801514,
                    17.36
                ],
                [
                    0.0,
                    0.0,
                    0.0,
                    1.0
                ]
            ]
        },
        {
            "file_path": "./train/r_1",
            "transform_matrix": [
                [
                    0.8082787394523621,
                    0.17374514043331146,
                    -0.5625815391540527,
                    -15.76
                ],
                [
                    -0.5887999534606934,
                    0.23850984871387482,
                    -0.772287130355835,
                    -21.21
                ],
                [
                    -8.270296447676628e-09,
                    0.9554712772369385,
                    0.295083612203598,
                    17.36
                ],
                [
                    0.0,
                    0.0,
                    0.0,
                    1.0
                ]
            ]
        },
        {
            "file_path": "./train/r_2",
            "transform_matrix": [
                [
                    0.964637279510498,
                    0.07753471285104752,
                    -0.25191929936408997,
                    -7.25
                ],
                [
                    -0.2635810375213623,
                    0.2837565541267395,
                    -0.921958327293396,
                    -25.4
                ],
                [
                    -3.081667188098436e-08,
                    0.9557565450668335,
                    0.29415881633758545,
                    17.36
                ],
                [
                    0.0,
                    0.0,
                    0.0,
                    1.0
                ]
            ]
        },
        {
            "file_path": "./train/r_3",
            "transform_matrix": [
                [
                    0.8352495431900024,
                    0.16224239766597748,
                    -0.5253909230232239,
                    -14.74
                ],
                [
                    -0.5498710870742798,
                    0.24644485116004944,
                    -0.7980643510818481,
                    -21.92
                ],
                [
                    -4.304531842080905e-09,
                    0.95548015832901,
                    0.2950553596019745,
                    17.36
                ],
                [
                    0.0,
                    0.0,
                    0.0,
                    1.0
                ]
            ]
        },
        {
            "file_path": "./train/r_4",
            "transform_matrix": [
                [
                    0.7382310032844543,
                    0.1992538720369339,
                    -0.6444476842880249,
                    -17.99
                ],
                [
                    -0.6745479702949524,
                    0.21806514263153076,
                    -0.7052890062332153,
                    -19.35
                ],
                [
                    -2.4402087461794508e-08,
                    0.9553771018981934,
                    0.29538875818252563,
                    17.36
                ],
                [
                    0.0,
                    0.0,
                    0.0,
                    1.0
                ]
            ]
        },
        {
            "file_path": "./train/r_5",
            "transform_matrix": [
                [
                    0.9851096868515015,
                    -0.050341665744781494,
                    0.16439172625541687,
                    4.24
                ],
                [
                    0.1719270795583725,
                    0.28844815492630005,
                    -0.9419335722923279,
                    -26.07
                ],
                [
                    7.696122850120446e-09,
                    0.9561712741851807,
                    0.2928081750869751,
                    17.36
                ],
                [
                    0.0,
                    0.0,
                    0.0,
                    1.0
                ]
            ]
        },
        {
            "file_path": "./train/r_6",
            "transform_matrix": [
                [
                    0.9995169639587402,
                    0.009122422896325588,
                    -0.029709186404943466,
                    -1.13
                ],
                [
                    -0.031078198924660683,
                    0.29338952898979187,
                    -0.9554877281188965,
                    -26.38
                ],
                [
                    2.1366695079905185e-09,
                    0.9559494853019714,
                    0.29353129863739014,
                    17.36
                ],
                [
                    0.0,
                    0.0,
                    0.0,
                    1.0
                ]
            ]
        },
        {
            "file_path": "./train/r_7",
            "transform_matrix": [
                [
                    0.59771728515625,
                    0.23705090582370758,
                    -0.7658595442771912,
                    -21.3
                ],
                [
                    -0.8017069101333618,
                    0.17673471570014954,
                    -0.5709910988807678,
                    -15.65
                ],
                [
                    1.958667894541577e-08,
                    0.9552862048149109,
                    0.29568275809288025,
                    17.36
                ],
                [
                    0.0,
                    0.0,
                    0.0,
                    1.0
                ]
            ]
        },
        {
            "file_path": "./train/r_8",
            "transform_matrix": [
                [
                    0.9461007118225098,
                    0.09534662961959839,
                    -0.3095197081565857,
                    -8.83
                ],
                [
                    -0.32387256622314453,
                    0.27852770686149597,
                    -0.9041731357574463,
                    -24.89
                ],
                [
                    -1.0088573532129885e-08,
                    0.9556837677955627,
                    0.29439541697502136,
                    17.36
                ],
                [
                    0.0,
                    0.0,
                    0.0,
                    1.0
                ]
            ]
        },
        {
            "file_path": "./train/r_9",
            "transform_matrix": [
                [
                    0.9921828508377075,
                    0.03666438162326813,
                    -0.11928511410951614,
                    -3.6
                ],
                [
                    -0.12479269504547119,
                    0.2915056645870209,
                    -0.9483939409255981,
                    -26.16
                ],
                [
                    -2.215132521854457e-09,
                    0.9558660984039307,
                    0.2938023805618286,
                    17.36
                ],
                [
                    0.0,
                    0.0,
                    0.0,
                    1.0
                ]
            ]
        },
        {
            "file_path": "./train/r_10",
            "transform_matrix": [
                [
                    0.5052271485328674,
                    0.2553187608718872,
                    -0.824353039264679,
                    -22.89
                ],
                [
                    -0.8629864454269409,
                    0.14947384595870972,
                    -0.48260968923568726,
                    -13.22
                ],
                [
                    -3.041051144236917e-08,
                    0.9552329778671265,
                    0.2958548367023468,
                    17.36
                ],
                [
                    0.0,
                    0.0,
                    0.0,
                    1.0
                ]
            ]
        },
        {
            "file_path": "./train/r_11",
            "transform_matrix": [
                [
                    0.9603356122970581,
                    0.08204525709152222,
                    -0.2665034532546997,
                    -7.65
                ],
                [
                    -0.27884677052497864,
                    0.2825600802898407,
                    -0.9178258180618286,
                    -25.28
                ],
                [
                    -1.5951187037899217e-08,
                    0.9557344317436218,
                    0.294230580329895,
                    17.36
                ],
                [
                    0.0,
                    0.0,
                    0.0,
                    1.0
                ]
            ]
        },
        {
            "file_path": "./train/r_12",
            "transform_matrix": [
                [
                    0.7893392443656921,
                    0.1812727004289627,
                    -0.5865865349769592,
                    -16.41
                ],
                [
                    -0.6139572858810425,
                    0.23305469751358032,
                    -0.7541497349739075,
                    -20.7
                ],
                [
                    -3.727899056116257e-08,
                    0.9554190635681152,
                    0.2952529191970825,
                    17.36
                ],
                [
                    0.0,
                    0.0,
                    0.0,
                    1.0
                ]
            ]
        },
        {
            "file_path": "./train/r_13",
            "transform_matrix": [
                [
                    0.9980666637420654,
                    0.018244687467813492,
                    -0.059413984417915344,
                    -1.95
                ],
                [
                    -0.06215215474367142,
                    0.29298102855682373,
                    -0.9540961384773254,
                    -26.34
                ],
                [
                    -5.516876289135553e-09,
                    0.955944299697876,
                    0.2935485541820526,
                    17.36
                ],
                [
                    0.0,
                    0.0,
                    0.0,
                    1.0
                ]
            ]
        },
        {
            "file_path": "./train/r_14",
            "transform_matrix": [
                [
                    0.7055627107620239,
                    0.20936532318592072,
                    -0.677013635635376,
                    -18.88
                ],
                [
                    -0.7086474895477295,
                    0.2084537148475647,
                    -0.6740666627883911,
                    -18.49
                ],
                [
                    -1.174101242895631e-07,
                    0.9553603529930115,
                    0.2954433560371399,
                    17.36
                ],
                [
                    0.0,
                    0.0,
                    0.0,
                    1.0
                ]
            ]
        },
        {
            "file_path": "./train/r_15",
            "transform_matrix": [
                [
                    0.6710960865020752,
                    0.21911022067070007,
                    -0.708251953125,
                    -19.73
                ],
                [
                    -0.741370439529419,
                    0.1983407884836197,
                    -0.6411169171333313,
                    -17.58
                ],
                [
                    3.3879064886832566e-08,
                    0.955328106880188,
                    0.2955475151538849,
                    17.36
                ],
                [
                    0.0,
                    0.0,
                    0.0,
                    1.0
                ]
            ]
        },
        {
            "file_path": "./train/r_16",
            "transform_matrix": [
                [
                    0.9998674988746643,
                    -0.004776258487254381,
                    0.015561278909444809,
                    0.12
                ],
                [
                    0.016277777031064034,
                    0.29338303208351135,
                    -0.9558563828468323,
                    -26.4
                ],
                [
                    1.772774593788995e-09,
                    0.95598304271698,
                    0.2934218943119049,
                    17.36
                ],
                [
                    0.0,
                    0.0,
                    0.0,
                    1.0
                ]
            ]
        },
        {
            "file_path": "./train/r_17",
            "transform_matrix": [
                [
                    0.7165658473968506,
                    0.20606090128421783,
                    -0.6663874983787537,
                    -18.59
                ],
                [
                    -0.6975194811820984,
                    0.2116873860359192,
                    -0.6845839619636536,
                    -18.78
                ],
                [
                    -7.826022851986636e-08,
                    0.9553677439689636,
                    0.2954193949699402,
                    17.36
                ],
                [
                    0.0,
                    0.0,
                    0.0,
                    1.0
                ]
            ]
        },
        {
            "file_path": "./train/r_18",
            "transform_matrix": [
                [
                    0.9686697721481323,
                    0.0730450227856636,
                    -0.2373674213886261,
                    -6.85
                ],
                [
                    -0.2483523041009903,
                    0.2849038541316986,
                    -0.9258244633674622,
                    -25.51
                ],
                [
                    2.12745963068528e-08,
                    0.955768883228302,
                    0.29411864280700684,
                    17.36
                ],
                [
                    0.0,
                    0.0,
                    0.0,
                    1.0
                ]
            ]
        },
        {
            "file_path": "./train/r_19",
            "transform_matrix": [
                [
                    0.9955198168754578,
                    -0.02771046757698059,
                    0.09040150791406631,
                    2.19
                ],
                [
                    0.09455317258834839,
                    0.29175445437431335,
                    -0.9518083333969116,
                    -26.32
                ],
                [
                    8.701729115045964e-09,
                    0.9560917615890503,
                    0.29306745529174805,
                    17.36
                ],
                [
                    0.0,
                    0.0,
                    0.0,
                    1.0
                ]
            ]
        }
    ]
}